{"columns": ["PM2.5", "PM10", "NO", "NO2", "NOx", "NH3", "CO", "SO2", "O3", "Benzene", "Toluene", "AQI"], "matrix": [[1.0, 0.743, 0.45, 0.446, 0.436, 0.191, 0.151, 0.115, 0.195, 0.453, 0.156, 0.853], [0.743, 1.0, 0.382, 0.399, 0.385, 0.112, 0.173, 0.108, 0.252, 0.368, 0.139, 0.841], [0.45, 0.382, 1.0, 0.606, 0.835, 0.264, 0.404, 0.187, -0.11, 0.543, 0.317, 0.441], [0.446, 0.399, 0.606, 1.0, 0.841, 0.517, 0.237, 0.153, 0.1, 0.625, 0.425, 0.444], [0.436, 0.385, 0.835, 0.841, 1.0, 0.394, 0.544, 0.163, -0.087, 0.541, 0.394, 0.439], [0.191, 0.112, 0.264, 0.517, 0.394, 1.0, 0.076, 0.155, -0.018, 0.374, 0.295, 0.146], [0.151, 0.173, 0.404, 0.237, 0.544, 0.076, 1.0, 0.33, 0.032, 0.109, 0.263, 0.162], [0.115, 0.108, 0.187, 0.153, 0.163, 0.155, 0.33, 1.0, 0.107, 0.177, 0.206, 0.099], [0.195, 0.252, -0.11, 0.1, -0.087, -0.018, 0.032, 0.107, 1.0, 0.146, 0.153, 0.304], [0.453, 0.368, 0.543, 0.625, 0.541, 0.374, 0.109, 0.177, 0.146, 1.0, 0.518, 0.408], [0.156, 0.139, 0.317, 0.425, 0.394, 0.295, 0.263, 0.206, 0.153, 0.518, 1.0, 0.17], [0.853, 0.841, 0.441, 0.444, 0.439, 0.146, 0.162, 0.099, 0.304, 0.408, 0.17, 1.0]], "aqi_correlations": {"PM2.5": 0.853, "PM10": 0.841, "NO2": 0.444, "NO": 0.441, "NOx": 0.439, "Benzene": 0.408, "O3": 0.304, "Toluene": 0.17, "CO": 0.162, "NH3": 0.146, "SO2": 0.099}}